
 EB 90 55 41 00 8D 02 52 FD CD 0E 0C FC F4 02 36 FF F8 FF D4 FF B5 00 00 00 00 00 00 00 00 00 13 23 05 00 49 
 EB 90 55 42 45 53 D5 D1 17 D1 38 22 00 00 00 01 ED 00 02 06 1F FF FE FF FF 00 00 00 00 00 00 13 23 05 00 23 
 EB 90 55 43 00 00 00 00 00 00 00 00 00 00 00 8C 72 00 00 00 00 00 00 00 00 00 00 00 00 00 00 13 23 05 00 B4 
 EB 90 55 41 00 73 02 7F FD C2 FD DF FD 9C 01 43 00 14 FF E3 FF 72 00 00 00 00 00 00 00 00 00 13 23 05 00 E1 
 EB 90 55 42 45 53 D5 D0 17 D1 38 2F 00 00 00 01 ED 00 02 06 1F FF FE FF FF 00 00 00 00 00 00 13 23 05 00 17 
 EB 90 55 43 00 00 00 00 00 00 00 00 00 00 00 8C 72 00 00 00 00 00 00 00 00 00 00 00 00 00 00 13 23 05 00 C4 
 EB 90 55 41 00 61 02 12 FD A5 F2 23 FC 6A FE F9 00 1E FF C9 FF 95 00 00 00 00 00 00 00 00 00 13 23 05 00 B1 
 EB 90 55 42 45 53 D5 CE 17 D1 38 2C 00 00 00 01 ED 00 02 06 1F FF FE FF FF 00 00 00 00 00 00 13 23 05 00 1C 
 EB 90 55 43 00 00 00 00 00 00 00 00 00 00 00 8C 62 00 00 00 00 00 00 00 00 00 00 00 00 00 00 13 23 05 00 C4 
 EB 90 55 41 00 4B 01 6A FE 0B EF DB FC 85 00 8C 00 18 FF F7 FF 76 00 00 00 00 00 00 00 00 00 13 23 05 00 9B 
 EB 90 55 42 45 53 D5 CB 17 D1 38 2A 00 00 00 01 EE 00 02 06 1F FF FE FF FF 00 00 00 00 00 00 13 23 05 00 20 
 EB 90 55 43 00 00 00 00 00 00 00 00 00 00 00 8C 50 00 00 00 00 00 00 00 00 00 00 00 00 00 00 13 23 05 00 F8 
 EB 90 55 41 00 35 00 D2 FD F9 F5 0F FE A4 FE B2 00 15 00 02 FF 75 00 00 04 17 22 00 00 00 01 7E 00 03 07 1F 00 01 00 08 00 00 00 00 00 00 13 27 0D 00 BC 
 EB 90 55 43 00 00 00 00 00 00 00 00 00 00 00 8B DA 00 00 00 00 00 00 00 00 00 00 00 00 00 00 13 27 0D 00 0E 
 EB 90 55 41 FF F8 FF F2 FA 5C 00 00 FF FA FF FB 00 00 00 03 FF 9F 00 00 00 00 00 00 00 00 00 13 27 0D 00 D6 
 EB 90 55 42 45 53 C5 CC 17 D1 21 0C 00 00 00 01 7E 00 03 07 1F 00 01 00 08 00 00 00 00 00 00 13 27 0D 00 B8 
 EB 90 55 43 00 00 00 00 00 00 00 00 00 00 00 8B EA 00 00 00 00 00 00 00 00 00 00 00 00 00 00 13 27 0D 00 31 
 EB 90 55 41 FF F8 FF F2 FA 5C 00 02 FF F6 00 00 00 00 00 03 FF 9F 00 00 00 00 00 00 00 00 00 13 27 0D 00 D2 
 EB 90 55 42 45 53 C5 D8 17 D1 20 CB 00 00 00 01 7D 00 03 07 1F 00 01 00 08 00 00 00 00 00 00 13 27 0D 00 EF 
 EB 90 55 43 00 00 00 00 00 00 00 00 00 00 00 8C 1E 00 00 00 00 00 00 00 00 00 00 00 00 00 00 13 27 0D 00 0E 
 EB 90 55 41 FF F8 FF F2 FA 5C FF FF 00 00 00 06 00 00 00 03 FF 9F 00 00 00 00 00 00 00 00 00 13 27 0D 00 C5 
 EB 90 55 42 45 53 C5 DC 17 D1 20 CB 00 00 00 01 7E 00 03 07 1F 00 01 00 08 00 00 00 00 00 00 13 27 0D 00 EA 
 EB 90 55 43 00 00 00 00 00 00 00 00 00 00 00 8C EA 00 00 00 00 00 00 00 00 00 00 00 00 00 00 13 27 0D 00 31 
 EB 90 55 41 FF F8 FF F2 FA 5C 00 01 00 00 00 00 00 00 00 03 FF 9E 00 00 00 00 00 00 00 00 00 13 27 0D 00 C9 
 EB 90 55 42 45 53 C5 DF 17 D1 20 CB 00 00 00 01 7E 00 03 07 1F 00 01 00 08 00 00 00 00 00 00 13 27 0D 00 E7 
 EB 90 55 43 00 00 00 00 00 00 00 00 00 00 00 8B FC 00 00 00 00 00 00 00 00 00 00 00 00 00 00 13 27 0D 00 31 
 EB 90 55 41 FF F8 FF F2 FA 5C FF FE 00 04 FF FE 00 00 00 03 FF 9F 00 00 00 00 00 00 00 00 00 13 27 0D 00 CB 
 EB 90 55 42 45 53 C5 E3 17 D1 20 CB 00 00 00 01 7E 00 03 07 1F 00 01 00 08 00 00 00 00 00 00 13 27 0D 00 E3 
 EB 90 55 43 00 00 00 00 00 00 00 00 00 00 00 8B DA 00 00 00 00 00 00 00 00 00 00 00 00 00 00 13 27 0D 00 41 
 EB 90 55 41 FF F8 FF F2 FA 5C FF FF 00 02 00 01 00 00 00 03 FF 9F 00 00 00 00 00 00 00 00 00 13 27 0D 00 C8 
 EB 90 55 42 45 53 C5 E7 17 D1 20 CA 00 00 00 01 7D 00 03 07 1F 00 01 00 08 00 00 00 00 00 00 13 27 0D 00 E1 
 EB 90 55 43 00 00 00 00 00 00 00 00 00 00 00 8C 0C 00 00 00 00 00 00 00 00 00 00 00 00 00 00 13 27 0D 00 31 
 EB 90 55 41 FF F8 FF F2 FA 5C FF FC 00 01 00 03 00 00 00 03 FF 9F 00 00 00 00 00 00 00 00 00 13 27 0D 00 CA 
 EB 90 55 42 45 53 C5 EA 17 D1 20 CA 00 00 00 01 7D 00 03 07 1F 00 01 00 08 00 00 00 00 00 00 13 27 0D 00 DE 
 EB 90 55 43 00 00 00 00 00 00 00 00 00 00 00 8C EA 00 00 00 00 00 00 00 00 00 00 00 00 00 00 13 27 0D 00 31 
 EB 90 55 41 FF F8 FF F2 FA 5C FF FF FF FE FF FE 00 00 00 03 FF 9F 00 00 00 00 00 00 00 00 00 13 27 0D 00 D1 
 EB 90 55 42 45 53 C5 EE 17 D1 20 CA 00 00 00 01 7E FF FE 07 1F FF FC FF F1 00 00 00 00 00 00 13 27 0D 00 FD 
 EB 90 55 43 00 00 00 00 00 00 00 00 00 00 00 8C 0C 00 00 00 00 00 00 00 00 00 00 00 00 00 00 13 27 0D 00 31 
 EB 90 55 41 FF F8 FF F2 FA 5C 00 02 FF FA FF FE 00 00 00 03 FF 9E 00 00 00 00 00 00 00 00 00 13 27 0D 00 D2 
 EB 90 55 42 45 53 C5 ED 17 D1 20 7D 00 00 00 01 7D FF FE 07 1F FF FC FF F1 00 00 00 00 00 00 13 27 0D 00 4C 
 EB 90 55 43 00 00 00 00 00 00 00 00 00 00 00 8B EA 00 00 00 00 00 00 00 00 00 00 00 00 00 00 13 27 0E 00 30 
 EB 90 55 41 FF F8 FF F2 FA 5C 00 00 FF FE 00 00 00 00 00 03 FF 9E 00 00 00 00 00 00 00 00 00 13 27 0E 00 CC 
 EB 90 55 42 45 53 C5 F1 17 D1 20 7C 00 00 00 01 7D FF FE 07 1F FF FC FF F1 00 00 00 00 00 00 13 27 0E 00 48 
 EB 90 55 43 00 00 00 00 00 00 00 00 00 00 00 8C 1E 00 00 00 00 00 00 00 00 00 00 00 00 00 00 13 27 0E 00 1E 
 EB 90 55 41 FF F8 FF F2 FA 5C 00 00 FF FF 00 02 00 00 00 03 FF 9F 00 00 00 00 00 00 00 00 00 13 27 0E 00 C8 
 EB 90 55 42 45 53 C5 F4 17 D1 20 7C 00 00 00 01 7D FF FE 07 1F FF FC FF F1 00 00 00 00 00 00 13 27 0E 00 45 
 EB 90 55 43 00 00 00 00 00 00 00 00 00 00 00 8C FC 00 00 00 00 00 00 00 00 00 00 00 00 00 00 13 27 0E 00 1E 
 EB 90 55 41 FF F8 FF F2 FA 5C 00 00 FF FB FF F8 00 00 00 03 FF 9E 00 00 00 00 00 00 00 00 00 13 27 0E 00 D8 
 EB 90 55 42 45 53 C5 F8 17 D1 20 7B 00 00 00 01 7D FF FE 07 1F FF FC FF F1 00 00 00 00 00 00 13 27 0E 00 42 
 EB 90 55 43 00 00 00 00 00 00 00 00 00 00 00 8B FC 00 00 00 00 00 00 00 00 00 00 00 00 00 00 13 27 0E 00 0D 
 EB 90 55 41 FF F8 FF F2 FA 5C 00 01 FF FD 00 03 00 00 00 03 FF 9F 00 00 00 00 00 00 00 00 00 13 27 0E 00 C8 
 EB 90 55 42 45 53 C5 FC 17 D1 20 7B 00 00 00 01 7D FF FE 07 1F FF FC FF F1 00 00 00 00 00 00 13 27 0E 00 3E 
 EB 90 55 43 00 00 00 00 00 00 00 00 00 00 00 8B DA 00 00 00 00 00 00 00 00 00 00 00 00 00 00 13 27 0E 00 40 
 EB 90 55 41 FF F8 FF F2 FA 5C 00 00 00 02 FF FE 00 00 00 03 FF 9E 00 00 00 00 00 00 00 00 00 13 27 0E 00 CA 
 EB 90 55 42 45 53 C6 00 17 D1 20 7A 00 00 00 01 7D FF FE 07 1F FF FC FF F1 00 00 00 00 00 00 13 27 0E 00 3A 
 EB 90 55 43 00 00 00 00 00 00 00 00 00 00 00 8C 0C 00 00 00 00 00 00 00 00 00 00 00 00 00 00 13 27 0E 00 52 
 EB 90 55 41 FF F8 FF F1 FA 5C FF F4 FF FF FF FF 00 00 00 03 FF 9E 00 00 00 00 00 00 00 00 00 13 27 0E 00 DB 
 EB 90 55 42 45 53 C6 03 17 D1 20 7A 00 00 00 01 7E 00 06 07 1F 00 00 FF FF 00 00 00 00 00 00 13 27 0E 00 1A 
 EB 90 55 43 00 00 00 00 00 00 00 00 00 00 00 8B 0C 00 00 00 00 00 00 00 00 00 00 00 00 00 00 13 27 0E 00 0D 
 EB 90 55 41 FF F8 FF F2 FA 5C 00 05 00 01 00 00 00 00 00 03 FF 9E 00 00 00 00 00 00 00 00 00 13 27 0E 00 C3 
 EB 90 55 42 45 53 C5 FD 17 D1 20 7B 00 00 00 01 7E 00 06 07 1F 00 00 FF FF 00 00 00 00 00 00 13 27 0E 00 20 
 EB 90 55 43 00 00 00 00 00 00 00 00 00 00 00 8C 1E 00 00 00 00 00 00 00 00 00 00 00 00 00 00 13 27 0E 00 0D 
 EB 90 55 41 FF F8 FF F2 FA 5C 00 05 00 01 00 04 00 00 00 03 FF 9F 00 00 00 00 00 00 00 00 00 13 27 0E 00 BE 
 EB 90 55 42 45 53 C6 07 17 D1 20 34 00 00 00 01 7D 00 06 07 1F 00 00 FF FF 00 00 00 00 00 00 13 27 0E 00 5D 
 EB 90 55 43 00 00 00 00 00 00 00 00 00 00 00 8B FC 00 00 00 00 00 00 00 00 00 00 00 00 00 00 13 27 0E 00 1E 
 EB 90 55 41 FF F9 FF F2 FA 5C 00 01 00 01 00 04 00 00 00 03 FF 9E 00 00 00 00 00 00 00 00 00 13 27 0E 00 C2 
 EB 90 55 42 45 53 C6 0B 17 D1 20 33 00 00 00 01 7D 00 06 07 1F 00 00 FF FF 00 00 00 00 00 00 13 27 0E 00 5A 
 EB 90 55 43 00 00 00 00 00 00 00 00 00 00 00 8B DA 00 00 00 00 00 00 00 00 00 00 00 00 00 00 13 27 0E 00 1E 
 EB 90 55 41 FF F9 FF F2 FA 5C 00 05 00 02 00 06 00 00 00 03 FF 9E 00 00 00 00 00 00 00 00 00 13 27 0E 00 BB 
 EB 90 55 42 45 53 C6 0F 17 D1 20 32 00 00 00 01 7D 00 06 07 1F 00 00 FF FF 00 00 00 00 00 00 13 27 0E 00 57 
 EB 90 55 43 00 00 00 00 00 00 00 00 00 00 00 8C FC 00 00 00 00 00 00 00 00 00 00 00 00 00 00 13 27 0E 00 1E 
 EB 90 55 41 FF F9 FF F2 FA 5C FF FC 00 08 00 05 00 00 00 03 FF 9E 00 00 00 00 00 00 00 00 00 13 27 0E 00 C0 
 EB 90 55 42 45 53 C6 13 17 D1 20 32 00 00 00 01 7D 00 06 07 1F 00 00 00 01 00 00 00 00 00 00 13 27 0E 00 50 
 EB 90 55 43 00 00 00 00 00 00 00 00 00 00 00 8B EA 00 00 00 00 00 00 00 00 00 00 00 00 00 00 13 27 0E 00 0D 
 EB 90 55 41 FF FA FF F2 FA 5D 00 00 00 0E 00 16 00 00 00 03 FF 9E 00 00 00 00 00 00 00 00 00 13 27 0E 00 A2 
 EB 90 55 42 45 53 C6 03 17 D1 20 34 00 00 00 01 7D 00 06 07 1F 00 00 00 01 00 00 00 00 00 00 13 27 0E 00 5E 
 EB 90 55 43 00 00 00 00 00 00 00 00 00 00 00 8B EA 00 00 00 00 00 00 00 00 00 00 00 00 00 00 13 27 0E 00 30 
 EB 90 55 41 FF FA FF F2 FA 5E 00 01 00 05 00 1C 00 00 00 03 FF 9E 00 00 00 00 00 00 00 00 00 13 27 0E 00 A3 
 EB 90 55 42 45 53 C6 0E 17 D1 1F EC 00 00 00 01 7D 00 06 07 1F 00 00 00 01 00 00 00 00 00 00 13 27 0E 00 9C 
 EB 90 55 43 00 00 00 00 00 00 00 00 00 00 00 8B B8 00 00 00 00 00 00 00 00 00 00 00 00 00 00 13 27 0E 00 30 
 EB 90 55 41 FF FA FF F2 FA 5F 00 05 FF FD 00 0B 00 00 00 03 FF 9E 00 00 00 00 00 00 00 00 00 13 27 0E 00 B8 
 EB 90 55 42 45 53 C6 11 17 D1 1F EB 00 00 00 01 7D 00 06 07 1F 00 00 00 01 00 00 00 00 00 00 13 27 0E 00 9A 
 EB 90 55 43 00 00 00 00 00 00 00 00 00 00 00 8C DA 00 00 00 00 00 00 00 00 00 00 00 00 00 00 13 27 0E 00 40 
 EB 90 55 41 FF FA FF F3 FA 60 00 02 00 01 00 1B 00 00 00 03 FF 9F 00 00 00 00 00 00 00 00 00 13 27 0E 00 A3 
 EB 90 55 42 45 53 C6 15 17 D1 1F EA 00 00 00 01 7D 00 06 07 1F 00 00 00 01 00 00 00 00 00 00 13 27 0E 00 97 
 EB 90 55 43 00 00 00 00 00 00 00 00 00 00 00 8B EA 00 00 00 00 00 00 00 00 00 00 00 00 00 00 13 27 0E 00 40 
 EB 90 55 41 FF FA FF F3 FA 62 00 16 00 00 00 37 00 00 00 03 FF 9F 00 00 00 00 00 00 00 00 00 13 27 0E 00 72 
 EB 90 55 42 45 53 C6 19 17 D1 1F EA 00 00 00 01 7D 00 00 07 1F FF FB FF F1 00 00 00 00 00 00 13 27 0E 00 B0 
 EB 90 55 43 00 00 00 00 00 00 00 00 00 00 00 8B EA 00 00 00 00 00 00 00 00 00 00 00 00 00 00 13 27 0E 00 30 
 EB 90 55 41 FF FB FF F4 FA 64 00 25 00 05 00 4D 00 00 00 03 FF 9F 00 00 00 00 00 00 00 00 00 13 27 0E 00 44 
 EB 90 55 42 45 53 C6 11 17 D1 1F E3 00 00 00 01 7D 00 00 07 1F FF FB FF F1 00 00 00 00 00 00 13 27 0E 00 BF 
 EB 90 55 43 00 00 00 00 00 00 00 00 00 00 00 8B DA 00 00 00 00 00 00 00 00 00 00 00 00 00 00 13 27 0E 00 0D 
 EB 90 55 41 FF FB FF F7 FA 68 00 4E FF F8 00 53 FF FF 00 03 FF A0 00 00 00 00 00 00 00 00 00 13 27 0E 00 1D 
 EB 90 55 42 45 53 C6 1B 17 D1 1F 99 00 00 00 01 7D 00 00 07 1F FF FB FF F1 00 00 00 00 00 00 13 27 0E 00 FF 
 EB 90 55 43 00 00 00 00 00 00 00 00 00 00 00 8B 1E 00 00 00 00 00 00 00 00 00 00 00 00 00 00 13 27 0E 00 FB 
 EB 90 55 41 FF FB FF FA FA 69 00 50 00 0A FF F9 00 00 00 02 FF 9E 00 00 00 00 00 00 00 00 00 13 27 0E 00 60 
 EB 90 55 42 45 53 C6 1F 17 D1 1F 98 00 00 00 01 7D 00 00 07 1F FF FB FF F1 00 00 00 00 00 00 13 27 0E 00 FC 
 EB 90 55 43 00 00 00 00 00 00 00 00 00 00 00 8B FC 00 00 00 00 00 00 00 00 00 00 00 00 00 00 13 27 0E 00 40 
 EB 90 55 41 FF FD 00 00 FA 68 00 E7 00 14 FF E8 00 00 00 03 FF 9C 00 00 00 00 00 00 00 00 00 13 27 0E 00 C9 
 EB 90 55 42 45 53 C6 23 17 D1 1F 98 00 00 00 01 7D 00 00 07 1F FF FB FF F1 00 00 00 00 00 00 13 27 0E 00 F8 
 EB 90 55 43 00 00 00 00 00 00 00 00 00 00 00 8C EA 00 00 00 00 00 00 00 00 00 00 00 00 00 00 13 27 0E 00 30 
 EB 90 55 41 00 02 00 1A FA 92 04 81 00 19 08 71 00 0A 00 66 FF 93 00 00 00 00 00 00 00 00 00 13 27 0E 00 E6 
 EB 90 55 42 45 53 C6 27 17 D1 1F 97 00 00 00 01 7D 00 00 07 1F FF FB FF F1 00 00 00 00 00 00 13 27 0E 00 F5 
 EB 90 55 43 00 00 00 00 00 00 00 00 00 00 00 8B FC 00 00 00 00 00 00 00 00 00 00 00 00 00 00 13 27 0E 00 EB 
 EB 90 55 41 FF F8 00 4B FA B4 04 59 FF 2D 02 53 FF E1 FF F0 FF A9 00 00 00 00 00 00 00 00 00 13 27 0E 00 62 
 EB 90 55 42 45 53 C6 2B 17 D1 1F 96 00 00 00 01 7D 00 00 07 1F FF FB FF F1 00 00 00 00 00 00 13 27 0E 00 F2 
 EB 90 55 43 00 00 00 00 00 00 00 00 00 00 00 8B EA 00 00 00 00 00 00 00 00 00 00 00 00 00 00 13 27 0E 00 30 
 EB 90 55 41 FF DA 00 39 FA A4 F5 42 FC 2E FC 5A 00 10 FF DA FF A4 00 00 00 00 00 00 00 00 00 13 27 0E 00 B4 
 EB 90 55 42 45 53 C6 2F 17 D1 1F 95 00 00 00 01 7D 00 00 07 1F FF FB FF F1 00 00 00 00 00 00 13 27 0E 00 EF 
 EB 90 55 43 00 00 00 00 00 00 00 00 00 00 00 8B FC 00 00 00 00 00 00 00 00 00 00 00 00 00 00 13 27 0E 00 52 
 EB 90 55 41 FF E0 00 0E FA 7D 02 E1 04 82 FD D4 FF BF 00 23 FF 45 00 00 00 00 00 00 00 00 00 13 27 0E 00 E4 
 EB 90 55 42 45 53 C6 33 17 D1 1F 94 00 00 00 01 7D 00 02 07 1F FF FE FF FB 00 00 00 00 00 00 13 27 0E 00 DD 
 EB 90 55 43 00 00 00 00 00 00 00 00 00 00 00 8B DA 00 00 00 00 00 00 00 00 00 00 00 00 00 00 13 27 0E 00 40 
 EB 90 55 41 FF EC FF FA FA 7C 00 FE FF 42 00 E5 FF F7 00 06 FF 77 00 00 00 00 00 00 00 00 00 13 27 0F 00 B6 
 EB 90 55 42 45 53 C6 37 17 D1 1F 49 00 00 00 01 7D 00 02 07 1F FF FE FF FB 00 00 00 00 00 00 13 27 0F 00 23 
 EB 90 55 43 00 00 00 00 00 00 00 00 00 00 00 8B B8 00 00 00 00 00 00 00 00 00 00 00 00 00 00 13 27 0F 00 51 
 EB 90 55 41 FF EB 00 03 FA 8B FF 62 02 B0 00 99 00 05 FF F3 FF 8E 00 00 00 00 00 00 00 00 00 13 27 0F 00 04 
 EB 90 55 42 45 53 C6 3A 17 D1 1F 48 00 00 00 01 7D 00 02 07 1F FF FE FF FB 00 00 00 00 00 00 13 27 0F 00 21 
 EB 90 55 43 00 00 00 00 00 00 00 00 00 00 00 8B EA 00 00 00 00 00 00 00 00 00 00 00 00 00 00 13 27 0F 00 2F 
 EB 90 55 41 FF FB FF FB FA 8C 00 68 FF 59 FF E5 00 12 00 08 FF A6 00 00 00 00 00 00 00 00 00 13 27 0F 00 C9 
 EB 90 55 42 45 53 C6 3D 17 D1 1F 48 00 00 00 01 7D 00 02 07 1F FF FE FF FB 00 00 00 00 00 00 13 27 0F 00 1E 
 EB 90 55 43 00 00 00 00 00 00 00 00 00 00 00 8B DA 00 00 00 00 00 00 00 00 00 00 00 00 00 00 13 27 0F 00 2F 
 EB 90 55 41 FF FA FF FB FA 8B 00 23 FF CE FF EA 00 03 00 01 FF A0 00 00 00 00 00 00 00 00 00 13 27 0F 00 B2 
 EB 90 55 42 45 53 C6 41 17 D1 1F 47 00 00 00 01 7D 00 02 07 1F FF FE FF FB 00 00 00 00 00 00 13 27 0F 00 1B 
 EB 90 55 43 00 00 00 00 00 00 00 00 00 00 00 8B C8 00 00 00 00 00 00 00 00 00 00 00 00 00 00 13 27 0F 00 51 
 EB 90 55 41 FF F6 FF FE FA 8A 00 6D FF 40 FF DD 00 07 00 02 FF A1 00 00 00 00 00 00 00 00 00 13 27 0F 00 FF 
 EB 90 55 42 45 53 C6 3A 17 D1 1F 48 00 00 00 01 7D 00 04 07 1F 00 01 00 07 00 00 00 00 00 00 13 27 0F 00 0E 
 EB 90 55 43 00 00 00 00 00 00 00 00 00 00 00 8B EA 00 00 00 00 00 00 00 00 00 00 00 00 00 00 13 27 0F 00 3F 
 EB 90 55 41 FF F2 00 00 FA 88 00 78 FF 6B FF 3E 00 05 00 00 FF 9C 00 00 00 00 00 00 00 00 00 13 27 0F 00 74 
 EB 90 55 42 45 53 C6 40 17 D1 1E FF 00 00 00 01 7D 00 04 07 1F 00 01 00 07 00 00 00 00 00 00 13 27 0F 00 52 
 EB 90 55 43 00 00 00 00 00 00 00 00 00 00 00 8B EA 00 00 00 00 00 00 00 00 00 00 00 00 00 00 13 27 0F 00 2F 
 EB 90 55 41 FF F9 00 12 FA 94 01 D2 03 1D 02 7D 00 00 00 0A FF 80 00 00 00 00 00 00 00 00 00 13 27 0F 00 13 
 EB 90 55 42 45 53 C6 42 17 D1 1E FF 00 00 00 01 7D 00 04 07 1F 00 01 00 07 00 00 00 00 00 00 13 27 0F 00 50 
 EB 90 55 43 00 00 00 00 00 00 00 00 00 00 00 8B C8 00 00 00 00 00 00 00 00 00 00 00 00 00 00 13 27 0F 00 1D 
 EB 90 55 41 00 1C 00 24 FA B6 01 A0 02 52 03 2E FF F1 00 08 FF 9C 00 00 00 00 00 00 00 00 00 13 27 0F 00 FD 
 EB 90 55 42 45 53 C6 43 17 D1 1E FE 00 00 00 01 7C 00 04 07 1F 00 01 00 07 00 00 00 00 00 00 13 27 0F 00 51 
 EB 90 55 43 00 00 00 00 00 00 00 00 00 00 00 8B B8 00 00 00 00 00 00 00 00 00 00 00 00 00 00 13 27 0F 00 61 
 EB 90 55 41 00 1D 00 35 FA E4 01 1B FE 98 06 61 FF F0 00 0D FF 95 00 00 00 00 00 00 00 00 00 13 27 0F 00 CD 
 EB 90 55 42 45 53 C6 44 17 D1 1E FE 00 00 00 01 7C 00 04 07 1F 00 01 00 07 00 00 00 00 00 00 13 27 0F 00 50 
 EB 90 55 43 00 00 00 00 00 00 00 00 00 00 00 8C 0C 00 00 00 00 00 00 00 00 00 00 00 00 00 00 13 27 0F 00 1D 
 EB 90 55 41 FF F3 00 41 FB 35 01 4B FC FF 07 C7 FF FC 00 00 FF 9F 00 00 00 00 00 00 00 00 00 13 27 0F 00 95 
 EB 90 55 42 45 53 C6 45 17 D1 1E FD 00 00 00 01 7C 00 04 07 1F 00 01 00 07 00 00 00 00 00 00 13 27 0F 00 50 
 EB 90 55 43 00 00 00 00 00 00 00 00 00 00 00 8B B8 00 00 00 00 00 00 00 00 00 00 00 00 00 00 13 27 0F 00 61 
 EB 90 55 41 FF F1 00 4D FB 6C 01 6C 02 09 03 FB 00 0D FF F9 FF A2 00 00 00 00 00 00 00 00 00 13 27 0F 00 E6 
 EB 90 55 42 45 53 C6 47 17 D1 1E FC 00 00 00 01 7C 00 04 07 1F 00 01 00 07 00 00 00 00 00 00 13 27 0F 00 4F 
 EB 90 55 43 00 00 00 00 00 00 00 00 00 00 00 8B DA 00 00 00 00 00 00 00 00 00 00 00 00 00 00 13 27 0F 00 0C 
 EB 90 55 41 FF D4 00 78 FB C1 04 C4 FB EA 09 FE FF EF FF EB FF B6 00 00 00 00 00 00 00 00 00 13 27 0F 00 5E 
 EB 90 55 42 45 53 C6 48 17 D1 1E FB 00 00 00 01 7C FF FD 07 1F 00 00 FF FB 00 00 00 00 00 00 13 27 0F 00 65 
 EB 90 55 43 00 00 00 00 00 00 00 00 00 00 00 8B FC 00 00 00 00 00 00 00 00 00 00 00 00 00 00 13 27 0F 00 1D 
 EB 90 55 41 FF A0 00 73 FB FA FD CE FC 35 04 AF FF F6 FF FB FF 9D 00 00 00 00 00 00 00 00 00 13 27 0F 00 65 
 EB 90 55 42 45 53 C6 49 17 D1 1E B5 00 00 00 01 7C FF FD 07 1F 00 00 FF FB 00 00 00 00 00 00 13 27 0F 00 AA 
 EB 90 55 43 00 00 00 00 00 00 00 00 00 00 00 8B DA 00 00 00 00 00 00 00 00 00 00 00 00 00 00 13 27 0F 00 2F 
 EB 90 55 41 FF 71 00 48 FC 12 FB 35 FB 81 02 79 FF E1 FF EE FF B7 00 00 00 00 00 00 00 00 00 13 27 0F 00 36 
 EB 90 55 42 45 53 C6 4A 17 D1 1E B4 00 00 00 01 7C FF FD 07 1F 00 00 FF FB 00 00 00 00 00 00 13 27 0F 00 AA 
 EB 90 55 43 00 00 00 00 00 00 00 00 00 00 00 8B B8 00 00 00 00 00 00 00 00 00 00 00 00 00 00 13 27 0F 00 61 
 EB 90 55 41 FF 3B FF FB FC 16 F7 35 FB 64 FF 26 FF F3 FF F6 FF 9D 00 00 00 00 00 00 00 00 00 13 27 0F 00 2D 
 EB 90 55 42 45 53 C6 4A 17 D1 1E B4 00 00 00 01 7C FF FD 07 1F 00 00 FF FB 00 00 00 00 00 00 13 27 0F 00 AA 
 EB 90 55 43 00 00 00 00 00 00 00 00 00 00 00 8B EA 00 00 00 00 00 00 00 00 00 00 00 00 00 00 13 27 0F 00 3F 
 EB 90 55 41 FF 2D FF 9F FB F7 F5 36 00 44 FB FA FF F5 FF FF FF 91 00 00 00 00 00 00 00 00 00 13 27 0F 00 04 
 EB 90 55 42 45 53 C6 4B 17 D1 1E B4 00 00 00 01 7C FF FD 07 1F 00 00 FF FB 00 00 00 00 00 00 13 27 0F 00 A9 
 EB 90 55 43 00 00 00 00 00 00 00 00 00 00 00 8B 0C 00 00 00 00 00 00 00 00 00 00 00 00 00 00 13 27 0F 00 0C 
 EB 90 55 41 FF 2F FF 55 FB BF F7 F6 02 6A FA D5 FF ED 00 11 FF A2 00 00 00 00 00 00 00 00 00 13 27 0F 00 A4 
 EB 90 55 42 45 53 C6 4C 17 D1 1E B4 00 00 00 01 7C 00 00 07 1F 00 00 FF F7 00 00 00 00 00 00 13 27 0F 00 A8 
 EB 90 55 43 00 00 00 00 00 00 00 00 00 00 00 8C 1E 00 00 00 00 00 00 00 00 00 00 00 00 00 00 13 27 0F 00 1D 
 EB 90 55 41 FF 49 FF 2E FB 80 FB 76 04 B6 FB DE FF EC 00 1E FF A2 00 00 00 00 00 00 00 00 00 13 27 0F 00 08 
 EB 90 55 42 45 53 C6 4F 17 D1 1E 6C 00 00 00 01 7C 00 00 07 1F 00 00 FF F7 00 00 00 00 00 00 13 27 0F 00 ED 
 EB 90 55 43 00 00 00 00 00 00 00 00 00 00 00 8B EA 00 00 00 00 00 00 00 00 00 00 00 00 00 00 13 27 0F 00 2F 
 EB 90 55 41 FF 65 FF 21 FB 4C FE 74 04 75 FD 45 FF E5 00 17 FF AD 00 00 00 00 00 00 00 00 00 13 27 0F 00 07 
 EB 90 55 42 45 53 C6 50 17 D1 1E 6D 00 00 00 01 7C 00 00 07 1F 00 00 FF F7 00 00 00 00 00 00 13 27 0F 00 EB 
 EB 90 55 43 00 00 00 00 00 00 00 00 00 00 00 8C 0C 00 00 00 00 00 00 00 00 00 00 00 00 00 00 13 27 0F 00 2F 
 EB 90 55 41 FF 98 FF 38 FB 36 03 DC 05 B4 01 AC FF F9 00 14 FF B0 00 00 00 00 00 00 00 00 00 13 27 0F 00 A7 
 EB 90 55 42 45 53 C6 51 17 D1 1E 6D 00 00 00 01 7C 00 00 07 1F 00 00 FF F7 00 00 00 00 00 00 13 27 0F 00 EA 
 EB 90 55 43 00 00 00 00 00 00 00 00 00 00 00 8B DA 00 00 00 00 00 00 00 00 00 00 00 00 00 00 13 27 0F 00 3F 
 EB 90 55 41 FF F2 FF 73 FB 40 05 F9 09 DC 03 E4 FF EC 00 1C FF A3 00 00 00 00 00 00 00 00 00 13 27 0F 00 95 
 EB 90 55 42 45 53 C6 52 17 D1 1E 6D 00 00 00 01 7C 00 00 07 1F 00 00 FF F7 00 00 00 00 00 00 13 27 0F 00 E9 
 EB 90 55 43 00 00 00 00 00 00 00 00 00 00 00 8B EA 00 00 00 00 00 00 00 00 00 00 00 00 00 00 13 27 0F 00 3F 
 EB 90 55 41 00 4D FF A2 FB 45 04 24 07 6F 01 52 00 03 00 1A FF 9E 00 00 00 00 00 00 00 00 00 13 27 0F 00 CD 
 EB 90 55 42 45 53 C6 53 17 D1 1E 6E 00 00 00 01 7C 00 00 07 1F 00 00 FF F7 00 00 00 00 00 00 13 27 0F 00 E7 
 EB 90 55 43 00 00 00 00 00 00 00 00 00 00 00 8B DA 00 00 00 00 00 00 00 00 00 00 00 00 00 00 13 27 0F 00 3F 
 EB 90 55 41 00 8C FF CB FB 4D 03 5C 04 C9 01 F2 00 02 00 12 FF A6 00 00 00 00 00 00 00 00 00 13 27 0F 00 30 
 EB 90 55 42 45 53 C6 53 17 D1 1E 6E 00 00 00 01 7C 00 00 07 1F 00 00 FF F7 00 00 00 00 00 00 13 27 0F 00 E7 
 EB 90 55 43 00 00 00 00 00 00 00 00 00 00 00 8B B8 00 00 00 00 00 00 00 00 00 00 00 00 00 00 13 27 0F 00 1D 
 EB 90 55 41 00 AE FF F3 FB 64 03 43 02 97 03 4B 00 0E 00 0B FF A7 00 00 00 00 00 00 00 00 00 13 27 0F 00 BB 
 EB 90 55 42 45 53 C6 54 17 D1 1E 6E 00 00 00 01 7C 00 00 07 1F 00 00 FF F7 00 00 00 00 00 00 13 27 0F 00 E6 
 EB 90 55 43 00 00 00 00 00 00 00 00 00 00 00 8B 0C 00 00 00 00 00 00 00 00 00 00 00 00 00 00 13 27 0F 00 0C 
 EB 90 55 41 00 C6 FF CE FB 74 02 CA 02 3A 03 DA 00 1C 00 04 FF A5 00 00 00 00 00 00 00 00 00 13 27 0F 00 FB 
 EB 90 55 42 45 53 C6 54 17 D1 1E 6E 00 00 00 01 7C 00 02 07 1F 00 04 FF FE 00 00 00 00 00 00 13 27 0F 00 D9 
 EB 90 55 43 00 00 00 00 00 00 00 00 00 00 00 8B FC 00 00 00 00 00 00 00 00 00 00 00 00 00 00 13 27 0F 00 3F 
 EB 90 55 41 00 DC FF FC FB A1 03 44 01 B0 04 55 00 1D FF F7 FF AC 00 00 00 00 00 00 00 00 00 13 27 10 00 23 
 EB 90 55 42 45 53 C6 56 17 D1 1E 28 00 00 00 01 7C 00 02 07 1F 00 04 FF FE 00 00 00 00 00 00 13 27 10 00 1C 
 EB 90 55 43 00 00 00 00 00 00 00 00 00 00 00 8B EA 00 00 00 00 00 00 00 00 00 00 00 00 00 00 13 27 10 00 2E 
 EB 90 55 41 00 D8 00 33 FB CE 04 1E FE 2C 03 D3 00 16 FF E7 FF BB 00 00 00 00 00 00 00 00 00 13 27 10 00 F9 
 EB 90 55 42 45 53 C6 56 17 D1 1E 28 00 00 00 01 7C 00 02 07 1F 00 04 FF FE 00 00 00 00 00 00 13 27 10 00 1C 
 EB 90 55 43 00 00 00 00 00 00 00 00 00 00 00 8B FC 00 00 00 00 00 00 00 00 00 00 00 00 00 00 13 27 10 00 1C 
 EB 90 55 41 00 DA 00 4F FC CC 03 23 F8 BD 03 E3 00 16 FF E1 FF AD 00 00 00 00 00 00 00 00 00 13 27 10 00 51 
 EB 90 55 42 45 53 C6 56 17 D1 1E 29 00 00 00 01 7C 00 02 07 1F 00 04 FF FE 00 00 00 00 00 00 13 27 10 00 1B 
 EB 90 55 43 00 00 00 00 00 00 00 00 00 00 00 8C 1E 00 00 00 00 00 00 00 00 00 00 00 00 00 00 13 27 10 00 F9 
 EB 90 55 41 00 76 00 75 FC E2 03 24 F6 21 03 0D 00 0E FF DB FF A7 00 00 00 00 00 00 00 00 00 13 27 10 00 00 
 EB 90 55 42 45 53 C6 56 17 D1 1E 29 00 00 00 01 7C 00 02 07 1F 00 04 FF FE 00 00 00 00 00 00 13 27 10 00 1B 
 EB 90 55 43 00 00 00 00 00 00 00 00 00 00 00 8B EA 00 00 00 00 00 00 00 00 00 00 00 00 00 00 13 27 10 00 3E 
 EB 90 55 41 00 65 00 A3 FC DD 00 05 F7 8A 01 04 00 07 FF DE FF 89 00 00 00 00 00 00 00 00 00 13 27 10 00 CD 
 EB 90 55 42 45 53 C6 55 17 D1 1E 2A 00 00 00 01 7C 00 02 07 1F 00 04 FF FE 00 00 00 00 00 00 13 27 10 00 1B 
 EB 90 55 43 00 00 00 00 00 00 00 00 00 00 00 8B EA 00 00 00 00 00 00 00 00 00 00 00 00 00 00 13 27 10 00 2E 
 EB 90 55 41 00 26 00 91 FC D8 FD EA FA 68 01 89 FF EB FF E7 FF 9D 00 00 00 00 00 00 00 00 00 13 27 10 00 DB 
 EB 90 55 42 45 53 C6 54 17 D1 1E 2C 00 00 00 01 7C 00 02 07 1F 00 04 FF FE 00 00 00 00 00 00 13 27 10 00 1A 
 EB 90 55 43 00 00 00 00 00 00 00 00 00 00 00 8C 40 00 00 00 00 00 00 00 00 00 00 00 00 00 00 13 27 10 00 1C 
 EB 90 55 41 FF FE 00 80 FC DD FE B4 FE 4C 01 82 FF EE FF E1 FF 9C 00 00 00 00 00 00 00 00 00 13 27 10 00 68 
 EB 90 55 42 45 53 C6 53 17 D1 1E 2D 00 00 00 01 7C FF FF 07 1F FF FC 00 02 00 00 00 00 00 00 13 27 10 00 22 
 EB 90 55 43 00 00 00 00 00 00 00 00 00 00 00 8B EA 00 00 00 00 00 00 00 00 00 00 00 00 00 00 13 27 10 00 2E 
 EB 90 55 41 00 1F 00 80 FD 80 FE 01 FE 74 02 D9 FF E1 FF E8 FF AF 00 00 00 00 00 00 00 00 00 13 27 10 00 C8 
 EB 90 55 42 45 53 C6 5D 17 D1 1E 27 00 00 00 01 7C FF FF 07 1F FF FC 00 02 00 00 00 00 00 00 13 27 10 00 1E 
 EB 90 55 43 00 00 00 00 00 00 00 00 00 00 00 8C 0C 00 00 00 00 00 00 00 00 00 00 00 00 00 00 13 27 10 00 2E 
 EB 90 55 41 00 00 00 60 FD 94 FC 45 FD 5B 01 C6 FF E6 FF E4 FF A6 00 00 00 00 00 00 00 00 00 13 27 10 00 E7 
 EB 90 55 42 45 53 C6 5F 17 D1 1D E2 00 00 00 01 7C FF FF 07 1F FF FC 00 02 00 00 00 00 00 00 13 27 10 00 62 
 EB 90 55 43 00 00 00 00 00 00 00 00 00 00 00 8B 0C 00 00 00 00 00 00 00 00 00 00 00 00 00 00 13 27 10 00 0B 
 EB 90 55 41 FF F3 00 3B FB B8 FC 6E FF FB 00 B4 FF EA FF EB FF 9F 00 00 00 00 00 00 00 00 00 13 27 10 00 3C 
 EB 90 55 42 45 53 C6 5E 17 D1 1D E3 00 00 00 01 7C FF FF 07 1F FF FC 00 02 00 00 00 00 00 00 13 27 10 00 62 
 EB 90 55 43 00 00 00 00 00 00 00 00 00 00 00 8B EA 00 00 00 00 00 00 00 00 00 00 00 00 00 00 13 27 10 00 1C 
 EB 90 55 41 FF FD 00 1B FB C0 FD B8 00 CB 00 AC FF DF FF EF FF AE 00 00 00 00 00 00 00 00 00 13 27 10 00 2E 
 EB 90 55 42 45 53 C6 5B 17 D1 1D E4 00 00 00 01 7C FF FF 07 1F FF FC 00 02 00 00 00 00 00 00 13 27 10 00 64 
 EB 90 55 43 00 00 00 00 00 00 00 00 00 00 00 8B FC 00 00 00 00 00 00 00 00 00 00 00 00 00 00 13 27 10 00 1C 
 EB 90 55 41 FF FE 00 0C FB BE FE CB FF D8 FF 26 FF E4 FF E4 FF AD 00 00 00 00 00 00 00 00 00 13 27 10 00 AC 
 EB 90 55 42 45 53 C6 57 17 D1 1D E4 00 00 00 01 7C FF FA 07 1F 00 04 00 04 00 00 00 00 00 00 13 27 10 00 62 
 EB 90 55 43 00 00 00 00 00 00 00 00 00 00 00 8B FC 00 00 00 00 00 00 00 00 00 00 00 00 00 00 13 27 10 00 F9 
 EB 90 55 41 FF F5 00 02 FB A6 FE CC FE B4 FE 2F FF E0 FF F5 FF AC 00 00 00 00 00 00 00 00 00 13 27 10 00 E7 
 EB 90 55 42 45 53 C6 65 17 D1 1C DB 00 00 00 01 7C FF FA 07 1F 00 04 00 04 00 00 00 00 00 00 13 27 10 00 5E 
 EB 90 55 43 00 00 00 00 00 00 00 00 00 00 00 8B 2E 00 00 00 00 00 00 00 00 00 00 00 00 00 00 13 27 10 00 E9 
 EB 90 55 41 FF DF FF F4 FB 90 FE 50 FD 7C FD 93 FF D8 FF F6 FF A9 00 00 00 00 00 00 00 00 00 13 27 10 00 7E 
 EB 90 55 42 45 53 C6 64 17 D1 1C DB 00 00 00 01 7C FF FA 07 1F 00 04 00 04 00 00 00 00 00 00 13 27 10 00 5F 
 EB 90 55 43 00 00 00 00 00 00 00 00 00 00 00 8B FC 00 00 00 00 00 00 00 00 00 00 00 00 00 00 13 27 10 00 60 
 EB 90 55 41 FF CE FF E8 FB 85 FE 55 FF 4E FC F3 FF DA FF F8 FF A6 00 00 00 00 00 00 00 00 00 13 27 10 00 6D 
 EB 90 55 42 45 53 C6 63 17 D1 1C DB 00 00 00 01 7C FF FA 07 1F 00 04 00 04 00 00 00 00 00 00 13 27 10 00 60 
 EB 90 55 43 00 00 00 00 00 00 00 00 00 00 00 8B C8 00 00 00 00 00 00 00 00 00 00 00 00 00 00 13 27 10 00 50 
 EB 90 55 41 FF D3 FF DD FB 65 FF 3C 01 43 FD 37 FF DB 00 00 FF A0 00 00 00 00 00 00 00 00 00 13 27 10 00 6B 
 EB 90 55 42 45 53 C6 61 17 D1 1C DB 00 00 00 01 7C FF FA 07 1F 00 04 00 04 00 00 00 00 00 00 13 27 10 00 62 
 EB 90 55 43 00 00 00 00 00 00 00 00 00 00 00 8B EA 00 00 00 00 00 00 00 00 00 00 00 00 00 00 13 27 10 00 50 
 EB 90 55 41 FF F4 FF D9 FB 3D FF 9D 05 55 FB 57 FF E4 00 03 FF 9E 00 00 00 00 00 00 00 00 00 13 27 10 00 D7 
 EB 90 55 42 45 53 C6 5F 17 D1 1C DB 00 00 00 01 7C FF FB 07 1F 00 07 FF FF 00 00 00 00 00 00 13 27 10 00 66 
 EB 90 55 43 00 00 00 00 00 00 00 00 00 00 00 8B EA 00 00 00 00 00 00 00 00 00 00 00 00 00 00 13 27 10 00 2E 
 EB 90 55 41 00 34 FF D3 FB 02 FF 75 06 C1 F9 75 FF E9 FF F5 FF 9A 00 00 00 00 00 00 00 00 00 13 27 10 00 84 
 EB 90 55 42 45 53 C6 75 17 D1 1C 0D 00 00 00 01 7B FF FB 07 1F 00 07 FF FF 00 00 00 00 00 00 13 27 10 00 1F 
 EB 90 55 43 00 00 00 00 00 00 00 00 00 00 00 8B DA 00 00 00 00 00 00 00 00 00 00 00 00 00 00 13 27 10 00 2E 
 EB 90 55 41 00 6A FF CB FA C4 00 67 05 98 FB 6B FF F4 FF FA FF 96 00 00 00 00 00 00 00 00 00 13 27 10 00 C8 
 EB 90 55 42 45 53 C6 74 17 D1 1C 0D 00 00 00 01 7B FF FB 07 1F 00 07 FF FF 00 00 00 00 00 00 13 27 10 00 20 
 EB 90 55 43 00 00 00 00 00 00 00 00 00 00 00 8B DA 00 00 00 00 00 00 00 00 00 00 00 00 00 00 13 27 10 00 3E 
 EB 90 55 41 00 2D 00 29 FA AE 00 3F 02 C7 FE 8A FF EC 00 01 FF 9F 00 00 00 00 00 00 00 00 00 13 27 10 00 8D 
 EB 90 55 42 45 53 C6 72 17 D1 1C 0D 00 00 00 01 7B FF FB 07 1F 00 07 FF FF 00 00 00 00 00 00 13 27 10 00 22 
 EB 90 55 43 00 00 00 00 00 00 00 00 00 00 00 8B EA 00 00 00 00 00 00 00 00 00 00 00 00 00 00 13 27 10 00 3E 
 EB 90 55 41 00 48 00 22 FA A7 FF 2B 03 18 FE 62 00 02 FF FD FF 93 00 00 00 00 00 00 00 00 00 13 27 10 00 65 
 EB 90 55 42 45 53 C6 70 17 D1 1C 0C 00 00 00 01 7B FF FB 07 1F 00 07 FF FF 00 00 00 00 00 00 13 27 10 00 25 
 EB 90 55 43 00 00 00 00 00 00 00 00 00 00 00 8C C8 00 00 00 00 00 00 00 00 00 00 00 00 00 00 13 27 10 00 50 
 EB 90 55 41 00 69 00 16 FA 9D FF 16 02 ED FF D2 00 02 FF FF FF 9C 00 00 00 00 00 00 00 00 00 13 27 10 00 1F 
 EB 90 55 42 45 53 C6 6E 17 D1 1C 0B 00 00 00 01 7B FF FB 07 1F 00 07 FF FF 00 00 00 00 00 00 13 27 10 00 28 
 EB 90 55 43 00 00 00 00 00 00 00 00 00 00 00 8B C8 00 00 00 00 00 00 00 00 00 00 00 00 00 00 13 27 10 00 50 
 EB 90 55 41 00 70 00 10 FA BB FD D6 02 E4 00 01 00 0A 00 03 FF 94 00 00 00 00 00 00 00 00 00 13 27 10 00 16 
 EB 90 55 42 45 53 C6 6B 17 D1 1C 0A 00 00 00 01 7B FF FB 07 1F 00 07 FF FF 00 00 00 00 00 00 13 27 10 00 2C 
 EB 90 55 43 00 00 00 00 00 00 00 00 00 00 00 8B A8 00 00 00 00 00 00 00 00 00 00 00 00 00 00 13 27 10 00 70 
 EB 90 55 41 00 93 FF F4 FA C1 FC 70 04 16 01 60 00 0C 00 0D FF 8F 00 00 00 00 00 00 00 00 00 13 27 10 00 D6 
 EB 90 55 42 45 53 C6 69 17 D1 1C 09 00 00 00 01 7B FF FB 07 1F 00 07 FF FF 00 00 00 00 00 00 13 27 10 00 2F 
 EB 90 55 43 00 00 00 00 00 00 00 00 00 00 00 8B FC 00 00 00 00 00 00 00 00 00 00 00 00 00 00 13 27 10 00 50 
 EB 90 55 41 00 C0 FF E9 FA E8 FB C5 04 20 04 39 00 07 00 17 FF 99 00 00 00 00 00 00 00 00 00 13 27 10 00 44 
 EB 90 55 42 45 53 C6 66 17 D1 1C 08 00 00 00 01 7B FF FA 07 1F FF FF 00 03 00 00 00 00 00 00 13 27 10 00 38 
 EB 90 55 43 00 00 00 00 00 00 00 00 00 00 00 8B DA 00 00 00 00 00 00 00 00 00 00 00 00 00 00 13 27 10 00 3E 
 EB 90 55 41 00 DF FF CB FB 16 FB 3C 01 88 04 4C 00 18 00 03 FF A7 00 00 00 00 00 00 00 00 00 13 27 11 00 19 
 EB 90 55 42 45 53 C6 76 17 D1 1B 66 00 00 00 01 7B FF FA 07 1F FF FF 00 03 00 00 00 00 00 00 13 27 11 00 CA 
 EB 90 55 43 00 00 00 00 00 00 00 00 00 00 00 8B DA 00 00 00 00 00 00 00 00 00 00 00 00 00 00 13 27 11 00 1B 
 EB 90 55 41 00 D7 FF A6 FB 43 FA 74 FD 7A 03 A8 00 1D 00 08 FF AB 00 00 00 00 00 00 00 00 00 13 27 11 00 8B 
 EB 90 55 42 45 53 C6 75 17 D1 1B 65 00 00 00 01 7B FF FA 07 1F FF FF 00 03 00 00 00 00 00 00 13 27 11 00 CC 
 EB 90 55 43 00 00 00 00 00 00 00 00 00 00 00 8B EA 00 00 00 00 00 00 00 00 00 00 00 00 00 00 13 27 11 00 2D 
 EB 90 55 41 00 AC FF 80 FB 62 FB 0D FA B3 00 E9 00 21 00 04 FF B0 00 00 00 00 00 00 00 00 00 13 27 11 00 AA 
 EB 90 55 42 45 53 C6 73 17 D1 1B 64 00 00 00 01 7B FF FA 07 1F FF FF 00 03 00 00 00 00 00 00 13 27 11 00 CF 
 EB 90 55 43 00 00 00 00 00 00 00 00 00 00 00 8B C8 00 00 00 00 00 00 00 00 00 00 00 00 00 00 13 27 11 00 2D 
 EB 90 55 41 00 72 FF 50 FB 7A FA 88 F9 C2 00 CF 00 0C 00 10 FF A7 00 00 00 00 00 00 00 00 00 13 27 11 00 A0 
 EB 90 55 42 45 53 C6 71 17 D1 1B 63 00 00 00 01 7B FF FA 07 1F FF FF 00 03 00 00 00 00 00 00 13 27 11 00 D2 
 EB 90 55 43 00 00 00 00 00 00 00 00 00 00 00 8B FC 00 00 00 00 00 00 00 00 00 00 00 00 00 00 13 27 11 00 1B 
 EB 90 55 41 00 2D FF 23 FB 9E FC 09 F7 FB 00 BA 00 08 00 1E FF A8 00 00 00 00 00 00 00 00 00 13 27 11 00 3E 
 EB 90 55 42 45 53 C6 6E 17 D1 1B 62 00 00 00 01 7B 00 0A 07 1F FF FD 00 00 00 00 00 00 00 00 13 27 11 00 CA 
 EB 90 55 43 00 00 00 00 00 00 00 00 00 00 00 8B B8 00 00 00 00 00 00 00 00 00 00 00 00 00 00 13 27 11 00 3D 
 EB 90 55 41 00 2A FF 40 FB BC FF E1 FA 39 01 75 FF F6 00 26 FF AE 00 00 00 00 00 00 00 00 00 13 27 11 00 33 
 EB 90 55 42 45 53 C6 73 17 D1 1A DA 00 00 00 01 7B 00 0A 07 1F FF FD 00 00 00 00 00 00 00 00 13 27 11 00 4E 
 EB 90 55 43 00 00 00 00 00 00 00 00 00 00 00 8B DA 00 00 00 00 00 00 00 00 00 00 00 00 00 00 13 27 11 00 3D 
 EB 90 55 41 FF FB FF 50 FB DE 02 7F FB 39 01 E4 FF F1 00 25 FF AA 00 00 00 00 00 00 00 00 00 13 27 11 00 2A 
 EB 90 55 42 45 53 C6 71 17 D1 1A D9 00 00 00 01 7B 00 0A 07 1F FF FD 00 00 00 00 00 00 00 00 13 27 11 00 51 
 EB 90 55 43 00 00 00 00 00 00 00 00 00 00 00 8C 0C 00 00 00 00 00 00 00 00 00 00 00 00 00 00 13 27 11 00 E8 
 EB 90 55 41 00 03 FF 85 FC 00 06 15 FC BB 02 EA FF EA 00 16 FF AF 00 00 00 00 00 00 00 00 00 13 27 11 00 B6 
 EB 90 55 42 45 53 C6 6F 17 D1 1A D8 00 00 00 01 7B 00 0A 07 1F FF FD 00 00 00 00 00 00 00 00 13 27 11 00 54 
 EB 90 55 43 00 00 00 00 00 00 00 00 00 00 00 8B C8 00 00 00 00 00 00 00 00 00 00 00 00 00 00 13 27 11 00 4F 
 EB 90 55 41 FF DF FF C8 FC 14 06 BA FB A2 00 63 FF E1 00 09 FF BE 00 00 00 00 00 00 00 00 00 13 27 11 00 89 
 EB 90 55 42 45 53 C6 6C 17 D1 1A D6 00 00 00 01 7B 00 0A 07 1F FF FD 00 00 00 00 00 00 00 00 13 27 11 00 59 
 EB 90 55 43 00 00 00 00 00 00 00 00 00 00 00 8B B8 00 00 00 00 00 00 00 00 00 00 00 00 00 00 13 27 11 00 F8 
 EB 90 55 41 FF B8 00 04 FC 04 07 6E F9 AC FD D7 FF D8 FF FB FF BB 00 00 00 00 00 00 00 00 00 13 27 11 00 70 
 EB 90 55 42 45 53 C6 69 17 D1 1A D5 00 00 00 01 7B 00 0A 07 1F FF FD 00 00 00 00 00 00 00 00 13 27 11 00 5D 
 EB 90 55 43 00 00 00 00 00 00 00 00 00 00 00 8B 0C 00 00 00 00 00 00 00 00 00 00 00 00 00 00 13 27 11 00 0A 
 EB 90 55 41 FF 87 00 4A FB E7 06 49 FB C5 FD 7C FF D8 FF FF FF 8A 00 00 00 00 00 00 00 00 00 13 27 11 00 0C 
 EB 90 55 42 45 53 C6 66 17 D1 1A D4 00 00 00 01 7B 00 0A 07 1F FF FD 00 00 00 00 00 00 00 00 13 27 11 00 61 
 EB 90 55 43 00 00 00 00 00 00 00 00 00 00 00 8B DA 00 00 00 00 00 00 00 00 00 00 00 00 00 00 13 27 11 00 F8 
 EB 90 55 41 FF 60 00 9B FB C3 06 E2 FB 9D FD 3E FF C3 FF FD FF AB 00 00 00 00 00 00 00 00 00 13 27 11 00 C9 
 EB 90 55 42 45 53 C6 62 17 D1 1A D2 00 00 00 01 7B 00 02 07 1F 00 08 00 01 00 00 00 00 00 00 13 27 11 00 62 
 EB 90 55 43 00 00 00 00 00 00 00 00 00 00 00 8B FC 00 00 00 00 00 00 00 00 00 00 00 00 00 00 13 27 11 00 1B 
 EB 90 55 41 FF 5D 00 D2 FB 9D 05 11 FF C7 FC 7B FF D0 FF E0 FF 98 00 00 00 00 00 00 00 00 00 13 27 11 00 46 
 EB 90 55 42 45 53 C6 76 17 D1 1A DB 00 00 00 01 7B 00 02 07 1F 00 08 00 01 00 00 00 00 00 00 13 27 11 00 45 
 EB 90 55 43 00 00 00 00 00 00 00 00 00 00 00 8C 0C 00 00 00 00 00 00 00 00 00 00 00 00 00 00 13 27 11 00 0A 
 EB 90 55 41 FF 7D 00 FF FB 86 03 32 02 5D FD 0F FF CF FF F4 FF 9A 00 00 00 00 00 00 00 00 00 13 27 11 00 A

